釣魚紀錄

普通水
00 00 00 00 01 00 00 00 00 00 00 00 00 00 7A 44 00 00 00 00 00 00 00 00 01 00 00 00 00 00 02 00 00 10 2B 10 10 00 00 00 E4 09 82 01 20 E7 2A 10 02 00 00 00 08 00 00 00 18 00 00 00 04 00 02 06 07 40 15 10 00 00 A0 C0 00 00 34 43 00 00 70 42 00 00 A0 C1 14 00 00 00 02 02 03 10 00 00 48 C3 00 00 48 42 00 00 00 00 00 00 A0 41 0C 00 00 00

00 00 00 00 00 00 00 00 00 00 00 00 00 00 7A 44 00 00 00 00 00 00 00 00 01 00 00 00 00 00 02 00 C0 10 2A 10 10 00 00 00 E4 09 82 01 DC EB 2A 10 02 00 00 00 08 00 00 00 18 00 00 00 04 00 02 06 07 40 15 10 00 00 A0 C0 00 00 8C C3 00 00 70 42 00 00 A0 C1 14 00 00 00 02 02 03 10 00 00 98 C2 00 00 98 42 00 00 00 00 00 00 A0 41 0C 00 00 00

00 00 00 00 01 00 00 00 00 00 00 00 00 00 7A 44 00 00 00 00 00 00 00 00 01 00 00 00 00 00 02 00 40 10 2B 10 10 00 00 00 E4 09 82 01 80 E9 2A 10 02 00 00 00 08 00 00 00 1C 00 00 00 05 00 02 03 06 07 15 10 00 00 A0 C0 00 00 96 C3 00 00 C8 41 00 00 70 42 00 00 A0 C1 14 00 00 00 02 02 03 10 00 00 98 C2 00 00 98 42 00 00 00 00 00 00 A0 41

00 00 00 00 01 00 00 00 00 00 00 00 00 00 7A 44 00 00 00 00 00 00 00 00 01 00 00 00 00 00 02 00 00 10 2B 10 10 00 00 00 E4 09 82 01 20 E7 2A 10 02 00 00 00 08 00 00 00 18 00 00 00 04 00 02 06 

指向基指
01146B40>01A43640>1019AB30+1bc>+2cc>
45 08 00 00 00 00 EB 10 0F 2F 0D 90 FD 81 01 76 07 C7 45 08 00 00 80 3F D9 45 08 D0 E8 24 01 0F B6 C0 50 51 D9 1C 24 FF 72 08 FF 72 04 51 8B 0D"40 36 A4 01"E8 A7 43 EC FF 5D C2 04 00 D0 E8 24 01 0F B6 C0 50 FF 72 24 FF 72 08 FF 72 04 51 8B 0D 40
00FB1CF0>01A43640>1019AB30+1bc>+2cc
55 8B EC 51 53 8B D9 56 57 33 FF 8B 73 14 85 F6 74 45 83 7E 08 01 89 75 FC 75 33 FF 76 0C 8B 0D"40 36 A4 01"E8 87 63 1A 00 8B 46 10 3B 73 14 75 05 89 43 14 EB 03 89 47 10 FF 75 FC 8B F0 FF 35 80 D3 91 01 E8 67 DF 14 00 83 C4 08 EB 05 8B FE
//-第二層 希望這個就好
25 FB FF FF 00 00 00 00 00 00 00 00 30 09 00 00 00 00 00 00 00 00 00 00 00 00 00 00 00 00 00 00"30 AB 19 10"00 00 80 3F 78 5B 35 10 78 5B 35 10 00 00 00 00 00 00 00 00 00 00 00 00 FF FF FF FF FF FF FF FF 00 00 00 00 00 00 00 00 00 00 00 00

海盜船
/getworldid
/joinworld -79082

PEProcess=BA1016C0


/--new
<?xml version="1.0" encoding="utf-8"?>
<CheatTable>
  <CheatEntries>
    <CheatEntry>
      <ID>7</ID>
      <Description>"指針掃描結果"</Description>
      <LastState Value="??" Activated="0" RealAddress="00000000"/>
      <Color>80000008</Color>
      <VariableType>4 Bytes</VariableType>
      <Address>"trove.exe"+00A7DB84</Address>
      <Offsets>
        <Offset>22C</Offset>
        <Offset>1BC</Offset>
      </Offsets>
    </CheatEntry>
  </CheatEntries>
</CheatTable>

Nikka

18 00 00 00 00 00 80 00 綠
18 00 00 00 00 B8 48 2F
18 00 00 00 00 88 88 88 灰
18 00 00 00 00 B8 48 2F 藍
A1 00 00 00 00 02 00 00 工具
A1 00 00 00 00 02 00 00 工具2
12 00 0F 00 60 31 BF D0 綠玻璃
12 00 0F 00 70 31 BF D0 綠玻璃2
00 00 08 00 00 00 00 00 空氣
06 00 00 00 00 00 00 00 泥土

馬桶 -425285

1BD52220
1BD52218

16*16
由下到上
0x800一層



